[[0.     0.3171 0.4569 0.4944 0.633  0.633  0.3333 0.573 ]
 [0.3171 0.     0.5481 0.5905 0.6542 0.6479 0.5081 0.608 ]
 [0.4569 0.5481 0.     0.4607 0.4682 0.4844 0.2996 0.3034]
 [0.4944 0.5905 0.4607 0.     0.6105 0.6492 0.3134 0.5693]
 [0.633  0.6542 0.4682 0.6105 0.     0.4844 0.563  0.3059]
 [0.633  0.6479 0.4844 0.6492 0.4844 0.     0.5755 0.3396]
 [0.3333 0.5081 0.2996 0.3134 0.563  0.5755 0.     0.4744]
 [0.573  0.608  0.3034 0.5693 0.3059 0.3396 0.4744 0.    ]]